7.268746197223663330e-02
-4.980112612247467041e-02
-2.815441787242889404e-01
1.540610790252685547e-01
-7.588390260934829712e-03
-3.298238217830657959e-01
-2.666067183017730713e-01
-1.346652209758758545e-01
5.135407298803329468e-02
-1.021622642874717712e-01
2.317419946193695068e-01
-1.244548335671424866e-01
-5.133089423179626465e-02
-6.313955876976251602e-03
6.559026986360549927e-02
-3.620111942291259766e-01
2.609647111967206001e-03
-1.968385279178619385e-01
9.424432180821895599e-03
8.234848827123641968e-02
2.103663086891174316e-01
1.493519246578216553e-01
1.266715079545974731e-01
-6.062217801809310913e-02
-1.022166758775711060e-01
-1.686110743321478367e-03
-7.093454897403717041e-02
3.217641962692141533e-03
2.474660985171794891e-02
-8.300730586051940918e-02
2.821504138410091400e-03
1.491923034191131592e-01
2.060856223106384277e-01
1.655580401420593262e-01
1.116276755928993225e-01
8.102136850357055664e-02
-1.566338539123535156e-01
-1.306823920458555222e-02
-9.974400699138641357e-02
3.041605092585086823e-02
-1.551921814680099487e-01
-3.300743401050567627e-01
1.906159520149230957e-01
9.673723578453063965e-02
-1.779521703720092773e-01
3.098454326391220093e-02
2.569718100130558014e-02
-1.097265630960464478e-01
-3.903415426611900330e-02
-3.795287758111953735e-02
-1.244043782353401184e-01
6.244441494345664978e-02
-2.056443244218826294e-01
-2.468182742595672607e-01
2.720366418361663818e-01
-6.896796822547912598e-02
-1.069393306970596313e-01
-1.800720691680908203e-01
1.148018315434455872e-01
-1.710200011730194092e-01
8.207146078348159790e-02
-1.246287021785974503e-02
-1.421404629945755005e-01
-1.939164251089096069e-01
9.635337442159652710e-02
-5.507752299308776855e-02
1.021047532558441162e-01
1.888497918844223022e-02
2.460249885916709900e-02
1.824581772089004517e-01
2.796883694827556610e-02
3.493594378232955933e-02
1.972877979278564453e-01
-2.834736928343772888e-02
-2.185693383216857910e-01
1.581262052059173584e-01
1.249176710844039917e-01
-1.998869329690933228e-01
1.588608138263225555e-02
-1.176866590976715088e-01
-1.305704563856124878e-01
8.433564752340316772e-02
1.928338780999183655e-02
1.651031672954559326e-01
-2.065150439739227295e-01
1.998106539249420166e-01
-1.446653902530670166e-01
-1.495686322450637817e-01
-4.479555413126945496e-02
5.638562142848968506e-02
6.051016226410865784e-02
2.769029140472412109e-02
2.421971596777439117e-02
2.468188405036926270e-01
9.854550659656524658e-02
4.594629630446434021e-03
-3.093232214450836182e-02
-1.657964140176773071e-01
-2.224520742893218994e-01
-1.258434206247329712e-01